22
38
25
16
26
30
34
35
17
39
37
7
32
20
19
36
8
6
9
10
3
54
1
43
4
15
5
14
47
40
50
21
41
46
29
60
49
51
52
45
11
28
23
42
53
2
48
55
12
57
44
18
33
59
56
13
58
61
31
24
0
27
203
207
211
210
219
222
225
215
236
232
214
220
192
204
188
202
224
201
200
199
196
221
195
212
191
198
217
187
209
197
226
228
230
193
194
189
231
223
220
233
235
238
239
208
240
216
190
241
234
205
242
243
244
213
245
218
227
206
246
237
229
186
278
265
295
266
283
275
269
256
277
253
280
272
273
261
259
258
289
257
285
305
260
254
252
249
268
286
298
248
251
270
281
263
282
284
288
291
276
287
274
267
255
271
292
293
294
297
250
299
290
303
304
306
279
300
262
307
301
308
296
247
302
264
72
77
81
84
63
122
115
91
87
114
95
76
93
90
108
69
74
79
80
75
78
71
88
100
67
65
94
112
83
64
96
97
66
85
98
101
120
103
105
73
89
107
109
110
82
86
102
111
116
99
117
113
92
106
119
121
118
123
104
62
70
68
161
140
142
150
144
152
138
157
146
135
153
164
156
139
136
134
148
143
131
130
129
127
141
151
149
126
163
172
181
165
154
132
166
158
168
169
125
171
178
145
133
177
173
159
175
174
179
147
176
180
182
183
128
160
170
184
162
155
185
124
167
137
314
343
328
336
332
337
345
344
325
340
330
339
327
333
324
331
322
341
316
323
320
317
312
338
334
311
313
315
310
349
352
364
353
319
346
348
351
347
321
329
354
355
350
356
357
368
360
362
358
363
366
335
367
342
369
359
326
370
365
318
361
309
408
388
386
394
395
396
398
402
385
397
401
407
391
384
379
377
429
392
393
422
375
399
374
381
390
404
406
417
378
409
410
418
380
413
389
415
411
421
412
416
423
403
372
376
424
425
419
426
387
427
382
428
373
400
430
431
383
432
405
420
371
414
452
449
461
460
443
448
467
468
437
464
463
465
466
451
450
457
453
472
447
446
445
486
441
439
436
455
435
434
462
459
469
479
470
471
444
473
483
474
476
477
442
478
454
480
481
488
484
485
456
489
458
487
490
475
491
438
492
493
494
440
482
433
613
610
575
594
586
576
591
593
587
599
602
596
597
573
589
584
592
583
615
567
598
569
571
562
578
561
560
606
565
580
563
600
601
603
604
590
577
605
568
579
607
609
611
564
588
582
574
608
595
612
614
570
581
616
572
617
618
585
566
559
558
557
514
518
528
499
501
521
515
523
520
526
541
529
530
524
511
516
507
506
505
498
504
522
503
502
500
497
517
510
537
552
550
532
533
534
519
535
509
536
531
553
538
527
525
512
544
539
540
513
542
543
545
546
547
548
549
551
554
556
508
555
496
495
656
648
641
643
654
647
674
651
650
652
658
655
661
624
666
639
631
626
625
679
644
642
623
634
649
630
622
633
635
627
657
664
659
653
628
662
645
663
665
677
660
629
667
669
646
632
670
671
672
668
673
640
675
676
636
678
637
680
638
621
620
619
693
698
709
694
699
707
728
704
705
683
710
714
687
692
723
708
697
712
691
736
690
706
689
701
688
686
735
684
682
713
685
716
719
700
721
722
725
727
730
731
732
733
734
720
711
737
715
729
738
717
703
740
741
726
696
702
724
739
742
695
718
681
757
777
767
782
760
764
772
775
770
773
779
776
787
761
756
788
786
774
746
754
769
753
748
750
758
796
781
747
785
790
791
792
793
780
759
765
794
795
799
766
783
797
800
771
789
784
801
802
778
762
768
749
755
798
751
803
752
804
763
744
745
743
816
825
817
828
818
833
865
841
839
840
837
819
850
838
835
813
812
811
826
815
810
831
824
821
809
829
808
830
807
842
843
854
844
820
845
847
848
853
855
849
851
852
857
859
861
836
834
862
846
827
860
856
863
832
823
864
866
822
814
806
805
858
881
880
875
924
895
917
882
885
883
890
889
909
887
877
892
902
874
884
879
873
901
896
871
876
886
872
870
893
898
904
878
906
907
908
888
910
900
914
894
911
897
913
916
918
919
920
921
903
922
925
891
923
912
905
899
926
915
927
928
869
868
867
971
958
956
959
960
954
968
962
969
965
981
974
973
952
950
966
963
970
948
955
953
945
941
939
979
942
947
936
995
975
976
964
957
980
989
940
977
984
967
982
985
938
987
988
991
992
983
993
996
997
978
946
972
943
990
944
998
949
937
935
951
961
934
933
986
994
932
930
931
929
