626
609
623
637
707
619
614
613
635
688
611
656
617
630
631
612
648
660
645
644
664
585
668
599
663
647
662
729
728
607
654
725
603
736
620
604
593
591
700
597
643
621
636
600
586
701
595
584
730
706
598
655
632
682
674
642
716
638
659
669
670
622
676
678
744
633
692
679
592
684
685
588
649
697
687
689
690
657
691
658
693
694
698
681
699
702
705
695
708
709
710
601
582
713
675
746
717
718
625
683
697
680
719
628
722
605
723
724
726
731
734
666
639
618
737
712
741
742
665
740
743
686
739
745
641
747
735
748
581
579
704
594
577
575
573
703
572
571
569
568
567
566
608
564
711
653
563
562
561
640
560
559
574
558
565
590
557
733
556
555
554
616
553
715
552
551
677
550
549
548
545
714
544
589
615
667
673
542
541
721
540
543
578
538
537
536
535
738
661
646
534
533
532
570
531
530
629
529
528
526
525
524
523
522
720
521
520
518
587
517
606
519
672
732
516
583
514
513
602
512
510
509
508
671
727
507
624
506
505
504
652
651
596
503
634
547
627
511
527
539
546
576
502
501
650
580
515
610
500
696
140
130
164
128
116
111
144
107
127
117
245
108
115
143
133
124
151
156
158
176
136
120
131
166
229
163
183
105
129
148
103
110
101
98
167
94
91
122
145
92
161
242
149
150
171
134
93
89
87
80
162
216
97
147
79
248
82
77
100
232
172
222
175
159
177
211
179
157
181
121
184
185
113
188
190
192
241
153
194
191
96
146
197
198
199
201
203
195
125
204
135
208
132
83
118
206
210
213
214
217
168
220
212
223
224
226
233
228
231
239
90
200
119
238
227
234
240
243
209
160
230
141
165
139
246
249
109
99
76
138
74
73
207
71
95
70
126
205
69
170
225
67
81
66
219
65
72
114
155
64
63
86
62
60
59
57
237
55
215
174
53
52
51
50
49
48
47
85
58
46
44
68
154
43
42
40
75
39
37
169
244
36
112
102
88
218
34
33
32
30
123
182
61
29
28
27
25
24
23
202
22
178
21
35
19
20
104
54
18
84
152
196
137
236
56
17
187
142
16
15
193
14
13
78
45
12
11
9
38
189
235
8
7
173
186
6
41
221
26
5
4
247
2
31
1
106
180
3
0
10
369
382
439
413
391
387
464
379
378
374
373
366
474
370
334
402
388
395
361
412
415
449
421
348
407
336
410
389
403
357
433
371
392
377
397
414
346
343
342
409
383
481
339
345
491
338
438
393
335
333
359
331
326
364
404
355
420
323
322
423
425
367
428
426
427
442
429
363
327
385
432
434
380
351
440
441
443
444
495
424
448
381
450
453
454
455
498
462
416
459
375
340
430
465
456
492
435
470
461
468
436
471
475
396
479
452
329
482
478
399
344
324
484
418
463
488
460
489
490
493
394
350
494
496
497
485
499
321
319
354
467
317
316
398
447
315
313
406
312
311
466
310
356
320
353
308
307
328
306
446
358
305
352
325
473
304
303
365
487
408
302
300
337
472
299
437
298
297
458
347
390
362
477
296
294
445
293
291
330
451
349
290
289
314
288
287
295
285
372
284
283
332
431
282
480
281
280
401
279
422
376
360
277
384
276
419
275
274
272
309
271
400
301
457
483
270
268
341
386
267
266
264
368
263
262
417
261
265
260
259
258
257
256
255
405
254
278
269
292
253
486
318
476
252
273
251
286
411
469
250
885
966
945
892
905
917
911
959
882
872
875
860
832
897
842
980
912
992
900
852
989
915
929
920
921
880
927
930
938
856
854
863
948
855
916
850
846
883
926
928
843
997
903
865
838
950
893
978
907
851
906
834
868
904
830
910
831
827
826
932
933
936
887
922
939
909
848
941
857
940
942
835
971
943
908
867
946
949
828
953
955
956
918
957
914
923
958
960
864
965
845
967
837
919
963
968
858
878
969
869
973
974
975
977
979
981
901
972
898
951
984
935
889
891
985
990
991
870
862
895
986
993
994
995
877
839
998
825
823
876
874
873
821
820
819
818
817
816
894
890
814
813
812
847
811
841
809
807
879
806
805
815
804
913
802
964
801
800
836
798
797
794
793
792
790
789
787
944
849
786
844
784
783
829
782
780
779
962
947
983
799
996
925
853
777
937
776
775
774
810
773
796
772
803
771
861
988
770
769
768
884
899
791
976
902
767
881
822
859
808
970
766
934
982
765
954
871
795
763
961
886
785
762
888
761
764
760
778
781
759
757
896
840
756
755
824
866
924
754
952
788
758
753
752
931
751
833
750
987
749
